29 -5 -56 87 26 29 62 15 -97 93 
-76 46 73 -38 28 -50 -39 80 96 82 
67 -56 -24 74 2 34 90 -43 29 -94 
44 52 98 -55 16 21 56 30 24 91 
98 52 -22 -12 -83 -18 -48 49 -40 -92 
-75 -73 85 42 30 64 -50 -92 9 64 
44 -78 -11 35 22 -28 -69 68 -10 -4 
-94 -48 -54 -25 -36 -7 -67 -11 51 92 
37 25 -78 91 -76 -98 -16 41 46 -18 
-43 -72 80 -82 -15 -90 32 98 -21 -71 
-64 29 -79 62 -60 -17 0 -98 -2 8 
39 60 7 -68 76 -12 -92 -61 -70 -74 
-98 -42 -98 -1 -31 36 -82 6 24 9 
12 -40 87 51 -18 -82 -45 7 22 -19 
-7 20 -60 -31 79 -15 -5 -12 -36 74 
23 71 77 -17 -4 -60 -91 -64 -76 25 
-10 38 -81 89 -99 -87 98 87 3 11 
-39 -54 61 24 77 -82 -20 51 66 42 
-12 -97 -69 85 46 -82 -24 29 86 44 
97 14 -77 93 77 -56 -80 -22 -39 3 
19 -5 -1 -93 48 3 -61 66 5 8 
29 -87 -78 -75 -39 -71 -30 56 -18 -19 
-97 2 -65 9 85 -64 -28 -82 51 -60 
33 41 48 15 -4 -8 58 -62 -64 -50 
-27 -63 -18 -59 66 52 94 -35 67 -93 
70 -66 -59 54 -48 -63 63 -77 -10 0 
-10 -73 97 81 -58 55 -5 7 28 -9 
-89 27 -22 49 -39 98 84 70 -45 33 
-96 22 14 29 -71 14 9 -5 -57 39 
-86 7 -28 -56 -94 -65 -32 0 -35 68 
-4 70 -77 -32 47 -90 64 -56 10 -4 
-1 93 55 -28 -100 -9 -43 40 -89 13 
-77 53 -58 -60 -44 26 72 -7 -90 -88 
-30 18 -95 -100 -80 -9 75 82 75 -87 
15 57 24 -20 -83 38 65 83 57 36 
-78 -34 -33 -34 19 -51 -49 -17 88 -93 
-56 -85 -76 15 -64 -22 -73 -63 -7 -99 
34 -69 -26 66 31 -89 -23 -45 9 -20 
69 -51 86 10 -23 31 9 35 -34 -87 
-34 -44 -71 96 30 94 -16 -84 37 28 
-75 81 86 59 -79 -85 17 38 97 2 
54 18 52 -41 -92 -95 20 -63 -45 71 
-82 -67 11 65 50 52 -46 46 29 19 
81 -74 14 -48 -49 49 58 -64 -72 73 
51 99 -85 -83 27 78 -31 26 -95 -92 
86 -40 17 -38 -14 -82 -61 -53 -52 15 
-14 -87 -50 -38 -52 38 58 -73 71 -5 
91 -99 99 -40 -20 -96 -76 84 -47 -12 
-51 24 -90 0 17 73 63 93 79 -53 
37 -92 -95 11 97 -82 52 26 -72 -69 
-59 -16 -56 -40 47 -12 -18 31 -55 82 
-19 -9 67 -89 -49 -15 42 -6 75 87 
74 44 -93 -72 -98 90 6 -25 -77 55 
71 65 70 37 -54 70 -71 11 14 72 
47 2 90 69 -85 2 -67 53 96 89 
44 -18 12 23 -96 9 -37 -78 -74 4 
-1 -86 -60 -89 18 12 -77 -57 -21 52 
42 18 -14 31 -71 -87 -90 27 -98 21 
-23 -63 32 22 26 -25 46 -29 -36 -33 
-53 49 48 31 96 30 -78 -2 7 -20 
95 -18 54 -42 15 -11 -40 -92 -42 -96 
-58 -8 76 29 66 -62 73 60 58 -29 
-35 24 95 64 -10 -21 91 51 -38 6 
-8 18 -81 -87 -38 35 24 -30 -11 -52 
-52 50 56 -81 -100 31 -78 68 55 -25 
-33 91 98 44 -89 -72 43 8 -26 -76 
37 -51 -77 -53 78 41 -40 66 87 95 
61 -80 3 94 22 -14 7 87 -19 -36 
-13 -41 28 16 -62 -34 -80 -20 69 36 
11 -64 70 77 96 83 -73 -61 52 9 
31 11 -92 -67 99 65 79 -52 -87 -16 
18 -91 28 41 69 -43 42 -57 -55 -86 
42 46 1 -61 -50 -15 37 32 17 27 
39 66 -52 81 76 71 -88 -99 -4 76 
-96 43 -30 50 7 -31 46 -16 -72 -13 
41 99 53 -7 -100 -43 -5 -82 4 31 
-59 -49 -16 -13 -34 92 -16 91 -65 -3 
87 -28 91 55 -40 -90 -89 -48 98 -91 
-18 -20 78 27 0 -27 -44 -3 77 -64 
74 50 -57 43 66 63 36 -9 97 88 
26 -38 -42 33 -96 13 34 -88 33 -85 
-2 -2 82 -15 78 19 -58 40 50 99 
18 32 67 -28 -46 -19 31 -75 -78 29 
-40 69 -68 -96 -28 20 51 44 -4 40 
26 5 57 -64 71 94 31 34 96 -25 
74 22 36 30 -1 -4 23 -23 88 -23 
-74 1 85 -53 75 6 -70 57 -37 -26 
-44 -58 7 19 52 -8 40 66 -55 68 
41 -27 -82 14 46 26 -72 18 -52 -97 
-61 -32 15 -44 11 -97 0 85 43 -36 
3 -61 41 86 -38 -76 29 54 19 64 
49 -25 -6 -82 -75 21 24 68 45 -49 
55 8 26 -60 34 11 32 79 46 35 
69 -55 -38 51 -96 -63 -5 -19 -31 2 
-33 -4 29 -93 74 -2 -83 46 -86 -86 
-25 90 -32 28 -13 64 -9 15 74 86 
40 -37 -81 -40 12 28 78 2 -20 -54 
37 57 -51 -54 98 -6 88 95 65 -51 
36 90 49 46 20 -30 62 81 85 37 
36 -13 76 -94 -56 68 -46 -34 62 -65 
-55 95 74 25 -76 27 75 -70 -67 -41 
-87 -1 21 -100 50 -35 -33 98 37 31 
84 -4 7 55 27 74 -66 -50 62 27 
64 13 -86 26 49 38 -5 -74 -27 30 
-20 -87 -21 74 68 1 45 -91 -35 -30 
66 49 24 -61 -62 -97 11 -50 -89 24 
-12 -12 -42 -94 92 -65 99 -75 22 87 
15 -22 -100 88 11 -39 8 45 70 64 
14 -30 -67 -85 20 52 -38 41 75 4 
86 -52 -2 73 96 -10 -72 63 -83 38 
-9 -77 -11 -77 -83 -42 -56 -97 -95 -69 
68 64 -1 49 0 -69 6 95 -84 -20 
-74 20 46 -68 49 13 -71 50 74 3 
-79 33 -32 66 -23 76 17 -68 72 69 
-27 -42 6 17 -51 -32 -92 79 32 -24 
-60 72 96 80 22 -97 81 -47 -90 14 
89 39 9 -69 -20 78 -34 -68 93 -1 
-83 -79 37 -42 0 -29 -13 -14 -47 55 
-69 -49 -71 34 13 46 75 -13 -44 -31 
-47 -72 -31 43 90 -28 -25 18 10 29 
-60 -13 26 -48 64 -10 -28 36 -82 -84 
26 98 75 5 55 -93 -34 -57 69 -50 
-67 -10 99 95 -75 28 18 70 18 41 
89 35 -48 85 -55 -81 -33 54 21 8 
-63 30 49 -33 -4 24 -16 -70 -56 -71 
-97 -86 -100 68 -19 -45 -91 -84 -21 64 
64 -94 30 -14 2 -50 69 32 10 -2 
14 -57 74 -58 -49 -52 68 53 61 77 
-97 24 99 -82 50 24 -21 9 59 40 
-15 19 73 31 0 92 28 90 -85 97 
77 2 3 29 7 -31 -13 -79 77 -74 
-57 40 -60 40 -45 67 -34 12 43 -14 
-69 4 62 -24 78 -56 -48 74 -87 55 
3 0 -54 -81 -35 -100 -31 -8 34 -81 
59 17 77 -19 49 -45 -28 81 54 81 
-66 -85 -78 -53 3 41 -5 74 -13 40 
-69 -70 68 65 -61 -29 -97 78 39 -1 
47 -17 -9 30 -2 42 -26 51 3 -94 
37 -22 64 31 80 -3 66 59 -32 39 
11 -35 52 27 84 43 -71 -19 -50 -28 
60 52 73 75 -61 72 25 51 5 -5 
28 -73 97 -47 27 77 54 -24 -40 67 
-68 80 -6 34 -6 23 22 -53 -80 76 
-30 29 93 40 93 -62 -48 85 -62 71 
57 22 96 -72 46 72 5 65 -54 -78 
-87 68 60 -50 12 81 38 -82 17 -97 
85 -78 -7 -3 -22 93 28 6 -84 24 
-96 -16 85 79 92 52 86 10 16 -39 
32 81 -62 -15 -59 11 -86 -43 -30 33 
-47 -47 97 -3 6 84 -98 32 -29 -77 
30 -36 -27 -46 -78 49 -71 97 -12 52 
51 -36 2 -49 1 31 -46 42 -33 -7 
-24 9 17 86 -18 56 -10 -2 -95 3 
95 94 -57 99 -52 -34 24 57 93 -94 
-11 -15 -58 -77 -44 58 44 -19 48 -22 
83 30 75 46 -70 -60 -91 38 -65 17 
78 -26 -75 31 -5 -92 95 22 -92 18 
27 66 2 93 -64 40 0 40 80 85 
3 -32 81 19 23 -21 -13 9 -93 36 
68 24 77 -75 -66 -23 -74 -19 -56 -16 
48 80 68 34 38 13 96 -5 38 -5 
45 -46 15 -69 -70 39 28 -89 -19 -13 
55 13 48 57 63 86 -89 -15 54 32 
-43 77 -7 -95 38 -17 -27 81 -52 87 
-95 7 -89 -90 40 71 30 38 56 12 
90 -54 -58 -59 80 89 -82 -58 91 -63 
-67 17 -72 -15 -2 -37 43 77 -56 19 
30 79 -10 20 25 -10 26 -95 18 24 
-42 97 19 96 27 86 83 99 37 1 
-18 91 -15 -6 87 -73 16 13 -71 -45 
0 -100 71 3 -29 -85 -7 85 12 75 
-11 -45 -85 -60 39 -83 79 -50 -12 51 
-40 61 69 76 -100 -98 11 35 -75 -64 
1 78 20 -82 -7 83 -40 -54 -47 19 
-27 10 -83 -56 -32 -70 -98 91 -100 -7 
2 51 -88 98 -80 -34 99 66 -76 -53 
-5 -89 -70 -26 21 -88 -83 -98 -40 2 
-68 0 46 3 23 68 20 55 -59 -95 
-5 92 -78 34 -56 -19 63 -39 -91 23 
-12 -43 77 5 -42 -47 33 37 66 33 
-90 -67 14 -31 -47 -3 68 -99 -66 -21 
5 71 15 52 -56 -17 -49 24 -26 -11 
8 -87 -55 59 -96 -96 60 37 -46 22 
-37 -14 -94 47 96 64 -72 82 97 47 
-35 -14 11 -8 18 -73 87 -40 92 91 
-79 84 50 62 -69 -72 85 -44 51 33 
-75 -99 67 -79 86 27 35 27 54 60 
-33 25 -71 -56 73 -4 92 58 -29 8 
-100 73 12 27 16 14 -34 -13 82 6 
98 -71 61 96 10 2 59 -14 -33 82 
-99 -8 47 -48 31 62 88 -30 36 -68 
97 -4 -14 67 -56 54 5 -88 -86 -50 
84 37 2 -27 42 73 6 78 -37 97 
73 77 -26 85 56 -13 -78 -50 -58 40 
58 97 -24 -63 -59 90 43 -15 65 45 
40 36 -11 6 -39 -16 -18 -75 -15 36 
50 54 -33 35 34 62 14 -52 -100 86 
-82 -3 -23 63 12 92 -98 -76 -7 4 
57 -67 -57 98 -87 18 -29 99 -4 40 
47 17 85 5 -84 21 40 -44 -38 -90 
62 -98 -79 71 36 -4 27 -44 64 50 
61 6 -65 -58 -42 47 74 19 -96 74 
31 51 -45 -90 -35 -38 58 -88 69 -28 
94 12 83 -15 -60 61 88 -56 41 -3 
-86 -4 -31 -98 -73 -42 49 -25 -13 -67 
-37 -80 -87 -15 41 41 22 -50 96 -25 
59 -94 -73 62 -10 -34 9 -41 -100 36 
61 -15 -56 -83 59 -58 -97 -44 96 79 
20 17 -91 -58 39 3 -69 25 -98 25 
66 -67 5 -28 -95 11 -60 7 85 20 
-26 -19 -85 87 48 -97 86 -88 43 28 
72 -89 95 66 76 24 1 -44 -76 46 
-35 33 -85 -35 2 44 5 28 -85 14 
74 -86 96 -85 88 3 -73 -27 2 52 
56 -35 21 62 -22 -78 -54 -17 23 -56 
-65 50 50 19 89 -17 -87 35 -88 95 
-77 -19 63 -66 26 93 39 -39 -63 -34 
-23 69 -51 94 4 80 -83 -56 6 -93 
-11 -8 65 -86 11 97 16 54 -54 54 
-43 -85 -36 -13 14 -65 74 60 -39 -57 
43 31 87 -11 -6 95 -83 -8 26 -3 
-21 56 -99 -59 -78 -65 -49 10 -87 -1 
96 81 30 -7 -67 -34 3 2 -91 52 
60 37 -33 -98 -10 99 72 -91 -69 -63 
-5 13 76 12 29 69 -43 98 19 91 
85 -19 -57 -26 -63 63 -74 8 71 91 
71 8 -92 85 88 52 -17 -23 -11 29 
63 -85 -9 46 4 70 81 0 -22 35 
0 -63 52 31 -61 -90 88 -99 -69 5 
-26 43 26 -60 -80 20 16 -95 36 -71 
31 -68 -45 -56 19 64 91 -94 -45 -64 
81 25 39 -49 68 54 86 -53 -21 10 
-53 16 -34 46 -67 -69 -59 -56 -8 -96 
-97 -1 57 58 -78 25 -53 -42 -31 -24 
73 -58 -43 -82 87 17 29 -2 -24 49 
12 0 -38 -12 4 -75 38 -45 -85 -62 
73 -38 77 -32 -69 98 19 56 94 56 
-83 -98 54 -71 92 79 -70 91 -34 70 
-91 -49 -65 27 52 -20 -90 69 -80 84 
3 -33 12 43 -51 10 -51 61 79 19 
-85 -14 -39 24 4 -62 -59 -78 90 -8 
-43 10 -94 71 -85 -10 -74 77 49 0 
-50 -52 -77 -68 -48 -29 -9 -92 -58 -56 
92 -74 -21 30 22 -89 -8 86 38 48 
59 -42 82 51 -10 -73 -45 -31 -73 18 
-1 -85 19 -63 11 -63 -34 69 70 0 
79 -47 90 2 -35 -49 -19 -26 -23 40 
48 -76 0 4 27 -52 93 43 -75 -78 
-95 41 -65 31 -74 96 22 -37 62 -70 
-10 24 23 66 22 87 -55 28 -25 -89 
-12 -12 56 76 -13 -29 -30 -8 62 -32 
-82 27 -22 16 10 -99 -7 -85 -14 -84 
-27 -49 46 83 19 -89 -45 7 91 -34 
-57 55 25 43 98 -9 -85 -73 29 67 
-37 4 -48 -92 -90 19 4 -79 -18 -10 
15 74 61 -16 46 48 1 11 -85 56 
-3 -79 76 58 -2 89 -3 89 61 -95 
47 97 34 85 22 4 -81 29 -72 42 
36 10 91 -34 49 93 57 66 98 -10 
19 -52 15 -72 -65 73 -91 58 -1 -53 
-23 18 -49 -55 20 -89 28 65 -42 32 
18 57 -95 -83 -35 49 -35 -58 19 15 
32 6 -61 -84 -22 -90 19 82 -60 -37 
27 79 51 -88 -54 89 -54 47 -36 -52 
53 0 82 -100 95 12 -94 57 -35 76 
-22 15 -74 8 -52 63 20 94 -12 -52 
-2 -75 44 -59 24 40 -64 -90 -65 75 
-80 48 42 4 61 -84 -40 39 99 34 
79 -33 17 28 -54 80 -16 -34 -24 17 
37 -72 67 80 9 44 73 -38 43 1 
60 25 -3 71 -37 -85 -83 -65 73 -22 
21 -52 -66 34 -34 -71 -45 -36 98 -33 
66 91 22 -36 84 29 84 -39 13 -41 
2 -16 -92 93 -3 62 -31 10 56 36 
83 98 59 -46 -21 -54 -59 4 63 17 
-40 -14 -47 33 84 64 -83 -54 73 55 
42 20 -61 76 78 96 -66 -74 3 39 
-3 -70 -95 -9 99 -64 -61 -32 -70 -86 
-77 -36 79 -49 75 -41 68 42 -54 97 
47 -8 86 16 86 -96 -52 -100 -90 -74 
-64 39 -79 85 80 1 52 12 28 72 
-55 -34 73 58 97 -83 17 -39 -99 -99 
26 -64 89 57 31 97 73 16 66 26 
64 59 85 37 99 38 39 94 -60 -79 
-64 -21 -96 -51 65 86 -94 38 -90 26 
-67 -43 -22 -85 -33 19 64 41 -100 -57 
-73 -48 -91 -37 60 -19 43 72 56 1 
-47 19 69 47 18 52 -41 -52 58 -69 
-54 -79 16 94 -74 37 45 -6 -85 -14 
26 -38 54 -21 86 17 -34 -76 0 -59 
-37 77 -67 -45 -9 11 -77 -37 -40 18 
10 -34 -75 -10 -70 57 -76 51 -64 3 
-10 -9 -72 -69 61 -39 -6 -24 -91 -32 
52 -22 7 66 -45 -60 92 82 -81 -81 
-53 11 79 93 -32 59 -21 76 -81 -94 
15 -93 -13 -31 -60 46 -98 6 79 -100 
20 -98 -36 -38 34 79 -94 29 -74 -66 
-49 -59 -25 85 27 30 37 98 80 -17 
-25 -32 -56 98 56 72 -59 -40 9 -8 
-61 -86 -39 24 24 -23 -67 53 98 14 
-46 -13 -36 72 90 34 66 65 -25 98 
-28 -43 81 91 -7 -55 54 -54 -82 -80 
54 -63 17 -45 -94 11 -9 -100 14 21 
-31 98 29 68 14 77 75 96 39 -93 
63 83 -77 -7 54 75 96 -99 63 -67 
-5 14 -4 37 86 -78 45 -74 -45 97 
30 -59 -38 48 46 -37 -11 -32 85 41 
-92 -61 -80 11 -33 66 8 -46 -93 12 
-56 99 94 95 42 -35 16 -31 -33 93 
-13 6 81 76 -88 9 -73 79 15 98 
-82 86 -68 70 -45 83 88 -85 66 96 
-94 -42 74 -7 42 73 -42 12 45 92 
-56 63 86 54 -49 56 -88 -91 67 -65 
-15 -81 27 -73 -98 -88 -60 -34 49 -58 
-65 -11 -93 -79 -10 -28 70 -25 84 93 
-76 2 -84 -45 -30 -46 -18 39 73 -51 
70 89 -1 -3 93 52 48 62 -61 57 
70 -45 7 -11 3 51 54 82 21 -94 
-13 -19 -93 -50 22 5 -47 94 42 -98 
-38 96 -43 -91 -88 -23 -86 -41 80 -30 
65 28 -15 63 53 -95 -9 -52 -61 40 
-28 24 -36 23 26 -81 27 -51 95 -59 
84 -69 -94 68 -86 16 -68 92 72 -56 
61 0 33 63 -10 55 61 -4 93 -67 
-1 57 70 43 -34 -68 97 74 64 -51 
17 28 28 -54 1 -19 -18 -66 -17 57 
-24 -36 -57 -13 -19 8 44 95 36 -60 
68 -83 78 -21 44 -43 64 90 -20 90 
95 18 -50 -16 62 92 -75 -43 60 62 
-91 -62 91 4 -24 -56 -67 82 -74 49 
67 16 82 62 -72 -40 -37 37 86 -78 
-61 -9 73 -30 -10 86 -81 -85 30 -100 
43 70 48 61 68 22 71 80 -44 -54 
-23 -91 -32 -92 -45 -91 -90 84 -80 66 
-83 -10 76 -67 9 69 99 -35 79 77 
-95 32 81 -32 -35 77 91 43 -8 71 
-69 -92 42 -72 59 94 -15 -81 -96 12 
48 -35 -22 71 -58 76 28 48 50 87 
-98 39 32 -9 35 70 49 17 -47 56 
80 98 2 -67 -11 93 41 93 -99 -67 
21 -85 -22 -2 -54 55 -81 75 90 3 
66 -56 -84 -87 -86 -44 -47 -62 93 -89 
-64 -1 -30 86 -66 82 -65 50 87 -89 
-29 70 94 -19 -97 32 -29 -27 -63 20 
-7 -79 -99 -53 2 -3 -45 -26 -21 81 
-25 -22 36 1 -67 59 43 76 43 -30 
-92 -86 46 -61 -64 67 -41 -68 38 81 
-53 47 14 42 -40 -6 -91 53 -25 -8 
61 98 -15 -30 87 40 -18 -73 -46 -21 
-87 -8 -95 88 22 14 44 -33 57 -3 
87 75 -100 -13 -20 -62 -27 -13 -67 -29 
-70 -87 63 -31 98 6 98 67 37 -3 
-84 -20 7 -74 59 4 -39 40 -2 17 
61 2 51 -70 -71 -99 -51 -30 -17 2 
30 3 75 -62 -54 28 -67 -74 57 -23 
-28 -20 67 83 -79 25 40 43 55 0 
84 88 -13 -62 -41 -9 -93 -98 -10 47 
-4 55 39 5 87 83 -37 57 68 68 
63 -24 -60 39 -89 -85 60 75 12 73 
-85 -34 53 -84 -16 70 -86 -87 -7 -73 
95 4 -26 -66 -69 -5 19 -47 -81 99 
-36 5 -77 43 3 -75 -67 64 -75 -79 
-70 -44 9 8 -57 -32 -13 44 55 1 
42 39 17 -39 -99 18 -35 82 33 -83 
-86 95 83 91 72 -19 24 -92 39 48 
84 -39 71 3 -88 -7 60 40 88 -24 
49 48 -3 -8 48 47 89 -71 -19 -62 
-53 -18 74 -59 -45 -30 53 68 -92 -61 
-35 92 17 42 -21 -76 -73 79 -1 42 
-31 12 -83 -19 -17 97 75 -56 3 -11 
12 32 -99 -67 17 -37 0 -26 -63 -60 
-27 -59 -98 29 55 57 -56 -21 -33 27 
83 -45 -23 -89 -59 22 -75 -12 -66 -6 
-30 7 -14 -83 -89 32 -54 0 -61 -94 
-41 -88 -8 -17 82 12 -20 30 -29 -19 
80 -7 72 -18 45 69 -37 53 -39 55 
51 44 72 -4 2 79 -59 -90 99 60 
-62 -16 77 79 5 -84 14 -70 -70 33 
-32 87 75 63 6 -1 39 -73 -56 12 
-76 -44 -59 3 19 -4 -44 -96 -8 74 
-83 -42 39 83 47 -12 92 81 83 -88 
63 -91 -97 60 -25 -44 3 75 -48 7 
-13 -21 -80 -44 62 -11 -8 80 96 83 
-55 94 81 -93 46 36 -56 -86 -55 84 
-71 -73 41 -69 -9 -1 -52 -58 92 -74 
95 56 60 -52 44 60 4 89 85 59 
89 70 -65 -29 40 13 -4 -24 35 -60 
-1 33 -61 82 20 64 -2 73 -76 28 
-20 -12 69 -88 -49 -85 -58 5 9 6 
-21 68 89 -11 -89 47 -70 -60 -26 -16 
65 -80 -75 48 8 -66 -10 17 -50 -94 
42 60 38 -98 82 18 -5 -27 39 -71 
4 -5 45 36 -8 19 -53 16 23 38 
-82 -81 6 58 35 -100 20 -63 70 47 
-51 -12 5 -40 69 32 -44 93 -5 -29 
14 -85 41 85 -81 77 -73 -29 90 -78 
-49 -81 -26 26 45 46 37 86 -41 61 
31 -23 -26 -1 88 -59 -42 -99 31 -63 
-72 -65 85 41 72 -61 -46 16 -57 93 
17 -4 89 45 88 10 -24 19 74 -57 
-1 85 -71 -44 30 -42 -63 -35 54 -8 
-51 68 37 -52 14 -29 -59 55 -31 -45 
62 -2 26 -92 -72 -21 -53 -57 39 23 
-71 13 5 -35 -83 38 93 92 -70 7 
88 44 89 -37 -67 57 -40 -45 -87 58 
42 -20 -62 57 -14 -82 9 50 -62 91 
-51 96 -26 -54 -14 26 -28 -1 -75 2 
43 -91 -94 -94 -60 57 78 -26 55 -5 
85 -86 -26 80 -41 79 94 15 4 -94 
-76 -88 -19 73 31 -20 -4 41 -17 81 
-5 -99 17 -11 63 62 -69 80 -88 88 
-34 48 40 -28 -83 66 -61 96 51 51 
-32 21 57 -47 28 -66 18 75 37 79 
-40 34 -94 -22 -41 87 -62 -28 -15 26 
56 -68 -27 32 13 29 72 -5 11 3 
-72 -57 -19 -13 -42 81 82 -13 -76 -81 
-31 14 -15 -90 2 42 -81 -19 -43 31 
63 -44 -10 -100 -30 68 89 82 84 -47 
-83 -13 7 58 -21 -19 60 -29 -81 97 
-57 55 41 -77 96 -35 -51 -65 -82 -87 
41 -67 29 60 39 48 -93 -33 -41 -63 
62 -69 -7 -73 -98 32 60 -73 68 -10 
-19 -38 -37 -90 -73 81 -97 -88 -6 -66 
10 56 -38 -24 -71 79 82 85 -90 -30 
-90 -79 -61 65 38 85 -98 -100 -68 -9 
-71 -72 37 -54 64 6 35 -64 80 -84 
-61 -7 -89 -10 99 73 6 -23 -54 58 
9 41 49 -74 -13 71 -51 68 -32 -31 
89 31 41 -95 21 27 -59 -53 -91 9 
-40 -84 7 49 -86 56 -36 84 36 -34 
-52 -60 -14 -78 80 -39 29 83 -99 -11 
66 -61 -92 -17 -67 70 -61 -8 -60 -5 
-1 85 58 49 68 4 64 81 35 14 
44 -12 19 71 70 58 96 29 -78 50 
22 67 -42 -76 1 -67 88 -60 51 -23 
-26 59 77 -29 40 76 49 48 -4 47 
-50 -57 -93 -46 8 26 73 -6 60 -37 
99 38 -3 93 57 -83 -49 -41 49 33 
-87 15 5 -18 -29 35 -95 -67 -66 -97 
-69 -21 -45 -13 29 82 60 -57 26 -14 
73 65 -18 73 -88 -42 46 -1 -65 41 
2 83 37 1 43 26 93 97 -71 -59 
-66 -46 64 94 99 98 93 88 48 -12 
99 83 71 -49 5 -22 58 29 23 43 
28 46 86 68 72 55 -16 -65 -79 42 
19 -82 -6 -94 -26 36 2 50 13 27 
5 -97 -19 -80 17 -78 24 -81 -98 -3 
93 -84 58 57 -63 70 -23 22 -41 7 
75 1 -27 -49 -19 69 76 39 -32 76 
48 -93 2 18 37 36 92 -98 -15 35 
59 -14 74 60 43 -44 -78 45 84 -40 
-14 70 -19 -95 -93 54 94 -61 67 79 
73 -30 67 87 7 70 -70 -60 1 57 
-50 -5 16 -90 71 87 64 -15 62 -66 
-77 0 -3 82 -99 98 17 80 1 -19 
-61 91 17 25 13 15 -79 8 -9 -32 
-27 -44 -65 87 30 65 85 11 -27 54 
-51 55 -32 -21 -100 -45 -95 66 60 -72 
-60 58 29 75 56 50 41 63 44 62 
-7 75 89 36 -72 -96 55 55 85 -20 
-78 20 59 66 -18 66 90 70 2 -45 
-9 59 32 -39 31 -70 -49 20 -72 -66 
76 78 63 -30 -88 -40 98 -24 -97 -29 
46 -79 44 43 56 -98 24 -69 57 23 
6 -20 -77 16 13 62 28 82 87 51 
63 69 -1 -52 4 -10 76 -47 31 42 
84 -57 -86 35 59 -46 -47 -10 -69 -16 
50 53 -97 -87 -26 83 50 -9 -73 -43 
3 49 38 52 79 -41 -65 -9 95 -27 
-68 46 -6 -56 21 -43 91 24 -31 -12 
68 30 84 -37 47 79 18 33 -75 -29 
-16 52 42 -32 14 18 -50 -25 42 -46 
21 -46 81 61 7 -70 28 -73 -63 73 
-66 25 28 85 32 -1 -38 25 -79 -85 
-9 -7 64 -39 67 -78 36 -42 87 1 
98 13 -94 -94 -21 -98 97 -65 -66 -62 
-69 -6 96 20 -63 94 69 51 55 -1 
65 -63 -82 27 -69 -74 50 22 -69 12 
27 -45 -57 19 -32 28 69 97 -94 -48 
-7 -83 8 -91 15 -85 -10 -93 64 -70 
-47 -64 6 93 -83 72 89 -86 -33 -36 
87 96 -25 -24 -6 84 -44 -60 -81 26 
90 -21 80 -77 -31 -32 40 48 34 -14 
-38 6 -49 57 -41 -11 49 -65 -11 -82 
37 -19 -98 -6 -9 -67 -78 12 -17 -49 
-45 -27 -10 16 32 -12 31 -62 46 15 
-84 90 51 83 -23 -77 27 -94 -94 0 
-83 51 -4 -13 86 72 -17 -80 -96 29 
-79 -99 19 -20 93 -17 61 6 44 -85 
51 29 38 -68 -20 -6 55 -22 10 50 
57 -81 26 -58 -44 -92 54 -33 90 61 
48 -33 -39 31 16 -88 85 83 -64 74 
-40 -47 -75 83 65 12 -46 30 -36 -35 
-83 -91 57 -2 -18 -20 95 -26 43 -30 
-39 -75 49 -54 89 8 -47 10 -26 -27 
-28 39 42 -7 -78 42 -26 -36 41 -28 
92 -20 46 8 -40 -53 53 -87 -79 97 
-58 47 -96 -13 -37 5 2 92 87 42 
70 -24 -100 -61 22 81 -2 -36 -39 6 
15 5 -53 -51 -47 -37 -15 1 25 8 
0 29 -52 97 42 25 68 -29 57 -9 
6 -36 98 50 13 -40 54 -68 -63 5 
77 28 -77 -78 -35 63 95 -69 74 54 
-62 -82 -39 9 0 79 -78 -56 -25 77 
10 53 55 21 26 -37 -23 87 29 -68 
8 -31 -77 -11 78 -46 -45 -6 -98 75 
1 7 98 22 45 -33 -31 -21 -10 29 
-14 -42 -63 71 22 -60 -48 -18 23 88 
-69 -38 -27 0 72 37 -30 -16 -89 15 
57 60 -26 54 -90 67 -53 96 44 5 
24 -56 36 89 -20 4 -95 3 38 -44 
44 99 -73 23 24 9 -17 42 56 -7 
-55 18 60 -71 -59 -6 0 -41 0 81 
79 9 -50 -52 83 6 50 29 4 -42 
-86 55 33 -34 92 99 -67 75 34 -26 
85 -81 -8 -28 10 -39 79 98 -86 86 
45 84 40 -77 47 -44 -51 -58 -32 40 
28 -32 -78 -83 41 62 24 -61 73 -38 
95 -50 -75 57 -21 -44 38 -35 22 70 
33 -94 -79 13 3 76 44 84 66 -1 
17 -61 -59 49 30 -17 -95 -35 47 -90 
67 89 -16 -75 -37 -53 28 -42 -15 -37 
-47 57 59 -72 -88 94 36 -86 -93 81 
-27 7 -87 -41 74 -33 63 -1 -63 -30 
-100 -75 -48 69 30 49 -42 -94 -53 -27 
-30 -37 -69 16 24 -18 -85 -39 84 26 
-6 -46 -38 8 42 41 99 -82 17 -67 
30 -99 -52 -79 -100 11 69 99 -28 64 
-63 11 -15 -6 70 -67 -37 -98 83 30 
-64 97 -81 -59 17 -14 -78 45 -61 67 
-34 96 54 -52 -61 -70 6 79 -11 83 
-93 -46 90 -23 88 92 63 54 -52 7 
-20 -46 -85 64 -88 96 46 94 -92 27 
-71 -97 -76 -19 41 -68 72 -4 2 -12 
-20 57 -22 18 53 -54 97 -87 -34 65 
-72 59 -65 21 -44 -29 50 97 24 81 
23 -6 -9 81 18 -53 -99 15 -70 97 
31 91 17 -46 54 84 -89 11 41 71 
25 -34 37 53 -52 72 -70 14 -20 -14 
37 7 36 77 32 30 71 98 -22 13 
-99 -85 -74 74 45 98 39 -98 17 -6 
-100 -89 -68 -14 72 -69 -35 -65 -73 21 
-90 22 -21 18 36 65 43 -60 90 -78 
63 60 -25 -9 28 62 -51 -20 16 13 
-67 -63 -26 -93 -84 -100 -81 -18 -52 1 
-58 -90 -41 -42 -64 -65 -34 -55 -16 -66 
-4 13 -34 -11 -60 69 -15 63 43 5 
53 65 -10 -22 30 25 62 4 -12 72 
64 -32 39 -85 -82 29 97 59 46 -49 
98 5 -4 -26 -5 -66 12 92 82 23 
5 30 -36 -52 76 -77 1 -71 -61 -1 
69 39 17 71 -18 2 -24 -28 -34 48 
62 -56 -42 14 -56 96 88 87 -81 30 
52 12 61 -16 -33 -16 -7 -98 -38 51 
20 -73 82 80 -70 40 4 7 -48 26 
16 -54 41 68 -26 -98 -43 85 -16 54 
-74 39 74 40 85 -71 78 83 89 84 
-75 -59 -27 96 -84 -33 68 -10 68 13 
-57 -4 -71 -89 11 92 87 -98 49 11 
-69 36 3 92 84 39 -51 64 98 45 
-11 -13 -35 -2 -89 74 21 33 59 -13 
30 4 19 66 94 51 -93 93 26 -60 
51 -25 -24 -52 -15 -35 57 61 53 -35 
16 -61 -38 -44 10 -58 -30 -41 -1 28 
-63 63 77 -69 27 -52 -2 23 -42 55 
-20 -65 -79 22 91 73 16 16 84 64 
98 -2 50 75 56 56 31 37 95 75 
60 -70 52 62 48 -59 -28 2 -72 40 
46 -80 -85 56 71 88 40 71 -73 -65 
-60 -96 31 60 56 60 95 29 -7 -76 
-15 -83 50 -25 -91 -11 18 71 9 64 
-62 -58 92 -13 -80 -29 -18 84 71 -38 
-32 -40 83 40 7 70 -20 36 53 -25 
-95 -63 61 -16 -87 -57 47 -77 -99 -3 
13 38 -60 -9 -31 -13 -29 -28 -33 -7 
-40 -78 -56 21 59 -69 81 -81 23 -12 
-37 -37 -2 91 9 38 95 7 67 -83 
52 72 -79 31 -24 -86 87 31 -4 98 
95 -66 -26 -31 -62 -20 -27 27 -51 -35 
81 69 51 3 42 71 -72 28 -94 -70 
48 56 12 -15 -66 46 -65 27 87 11 
28 67 -98 -93 -34 -21 2 29 -90 5 
4 1 -9 93 -86 82 -20 -34 -37 92 
-53 -15 5 9 -25 41 83 -24 82 -41 
96 -62 62 18 -62 -92 -79 -10 68 52 
-50 -51 -50 74 64 38 78 -85 12 -95 
-54 65 -90 -10 45 -78 37 94 72 6 
-63 -32 25 7 36 19 -9 52 53 -59 
-59 0 -53 -21 -75 -93 82 -87 12 74 
30 -14 48 -26 59 56 -47 28 82 -37 
-8 -53 22 -100 53 -16 -58 25 93 61 
-77 50 -80 56 -28 -88 -10 -100 99 -63 
63 -94 -14 -4 83 -53 28 42 3 -16 
95 -9 -27 57 43 65 -50 52 13 62 
30 -5 56 -59 32 91 -9 -16 -77 -18 
45 34 77 -90 97 50 -92 26 98 6 
-51 -99 -80 -88 41 -44 -60 -8 72 -44 
-89 -42 -48 24 -15 -24 -97 -49 -26 -46 
-43 -46 18 -27 -11 -54 81 14 -24 84 
-3 74 -32 75 46 -12 58 75 -84 -55 
69 -32 -15 -84 -23 -85 -94 -34 13 -65 
-9 0 -59 90 35 91 -6 -33 -25 -67 
0 -84 -1 52 -70 -17 -42 6 -11 -3 
-7 -84 39 99 -50 -69 -2 -70 -82 85 
46 -32 92 35 -32 41 -15 28 -14 -97 
25 11 84 -72 72 55 81 -58 -42 -68 
35 -1 63 -49 -78 -53 90 92 -84 -63 
-47 -53 -6 -63 13 57 -30 -60 -12 0 
-13 25 10 -31 -43 80 -57 -86 -92 -91 
-86 39 -51 -66 -52 -11 85 -88 96 -60 
99 72 17 -71 37 -22 32 31 1 -40 
-40 49 93 -96 -18 -14 -13 -52 12 13 
67 14 55 -49 -91 -96 -41 -18 -84 83 
27 -5 69 -77 -39 -98 -85 36 8 -60 
62 -32 -26 19 -80 16 79 5 38 44 
81 -6 -60 -5 -4 3 -99 -64 -32 -4 
-9 99 -83 -10 21 -79 85 -88 -99 8 
67 29 -78 38 23 -40 98 -59 96 93 
-52 -80 87 -38 86 -43 -57 -96 43 -17 
16 56 -7 -82 -36 15 -2 -20 8 15 
35 -16 77 -56 72 -87 49 20 62 55 
39 -70 -76 -87 -3 -72 -21 -4 -9 37 
-66 96 58 -15 -1 37 39 7 -11 -99 
86 -31 -94 46 58 92 -32 93 -49 46 
80 57 47 -53 -6 16 -16 48 -31 -4 
28 27 -99 -13 -24 27 -94 -87 51 72 
6 22 16 70 81 27 -55 32 94 -91 
-87 -26 -7 -2 12 86 -69 -40 13 77 
17 12 20 -9 -37 -94 40 -65 -94 -23 
51 -47 82 89 -77 -80 84 18 -55 33 
-64 -75 -29 -71 84 95 -88 -11 22 -12 
44 -19 4 -83 -19 -38 -54 -52 21 36 
-19 26 66 -53 96 -28 83 -35 52 -31 
-1 74 -54 -60 72 -7 -79 -6 59 31 
-81 68 -26 -6 34 29 8 84 97 3 
-46 10 -2 -92 98 -58 45 -98 -9 64 
69 -86 -48 67 -82 -61 29 84 1 91 
84 29 -81 25 94 42 61 -43 -71 11 
58 9 37 -30 15 8 79 19 97 -13 
17 -47 -83 -52 50 -1 7 43 57 48 
31 35 99 44 0 82 -15 -98 1 8 
-16 -38 42 12 92 -16 -7 -53 35 81 
56 -35 -56 70 -83 54 -70 -52 -58 -66 
4 -74 54 71 33 -78 1 35 33 42 
-86 -64 56 -37 -52 66 8 60 -19 -96 
78 -11 68 54 68 30 7 92 30 -83 
-5 -70 26 23 27 70 19 -99 58 -17 
89 -71 -59 77 30 -25 -98 -92 -97 39 
90 25 18 11 41 -41 -36 78 3 -86 
-72 -84 42 -46 -68 99 94 -37 -35 56 
1 82 -82 -19 47 -88 90 -61 -95 92 
13 60 -78 83 -26 59 64 13 89 -12 
-82 -33 -41 -11 -76 73 21 -4 -3 -29 
-19 -97 -56 -38 -55 88 90 -58 -6 51 
40 -6 -68 -99 25 -100 26 1 -15 11 
-67 95 64 -57 72 29 -76 52 -2 -6 
0 79 54 5 51 96 -39 -35 54 17 
-84 48 -14 -1 -44 81 48 -91 53 -85 
75 -73 8 -8 -46 69 45 -37 -73 -37 
-42 63 56 -90 -5 19 73 -30 95 -55 
-75 -52 -93 26 25 44 -15 93 28 8 
-64 35 87 -87 42 -21 88 24 68 38 
-80 -24 -21 78 86 47 -37 96 35 44 
-73 58 78 90 84 -74 70 -35 -93 65 
-18 -66 -74 -42 -77 -69 -46 52 -60 -99 
36 95 -97 11 -2 -11 -20 46 -92 -35 
45 52 63 -45 14 79 47 16 -100 -94 
-75 6 -95 6 -43 68 -68 -42 -94 -87 
22 47 -47 -57 -62 -36 9 -19 -62 -15 
81 -91 30 -61 66 1 -80 -37 55 -22 
-22 -67 -3 -15 48 2 58 -30 -49 -98 
31 34 1 -28 98 -76 82 -59 -27 75 
-83 -40 -15 -90 50 19 43 -12 -96 -96 
13 2 -71 -23 -65 -4 -69 73 86 92 
-89 -75 -62 -66 18 9 28 24 12 45 
-28 21 52 -38 -35 63 -56 -71 -21 -33 
69 -9 -49 -90 -29 38 52 36 -55 10 
-66 -32 9 94 -87 12 -91 67 -96 16 
57 -57 -63 56 53 83 95 7 -7 29 
18 70 -6 -17 -11 61 87 -4 -65 -16 
75 -36 39 15 46 0 78 32 55 42 
-80 -15 93 -90 -98 -14 65 -26 60 42 
-54 90 2 38 -57 27 -89 18 91 -18 
-96 -5 -62 -92 34 77 -9 -73 56 76 
87 -4 72 43 -62 -12 52 -64 -30 -91 
-5 14 93 65 -9 64 -91 -63 -28 -91 
-41 -15 -52 48 20 -84 -33 86 10 -3 
70 22 -60 41 5 18 -8 -70 -47 87 
47 -2 77 -32 -1 -75 -65 -17 -15 -43 
-96 -99 -35 -18 8 45 -89 -89 -13 79 
30 -1 -26 42 46 -6 22 -45 37 -57 
-37 69 57 69 -26 18 85 -74 -22 42 
-55 92 59 72 -62 -5 17 42 -34 -65 
-27 33 14 81 21 46 51 34 64 24 
7 -7 -11 -75 -22 75 -14 -63 22 -29 
15 25 7 51 21 -40 -67 -9 6 72 
0 84 -99 77 59 8 -24 99 13 -94 
-33 -57 -5 79 -26 -57 -70 2 43 85 
50 -4 -55 70 -84 -67 -77 58 95 8 
-45 -15 9 -79 -99 -59 20 92 96 -54 
-55 47 -35 -55 60 -85 77 -33 -75 73 
88 -34 90 23 -19 -77 -67 6 15 -32 
-71 -70 -80 91 -34 18 -69 -49 -75 -30 
5 8 -98 50 -83 -78 82 -40 -57 -53 
-57 -46 60 77 -13 -11 78 44 50 67 
-94 -74 -7 52 93 -39 -22 34 -88 42 
-97 -58 71 -53 45 26 -19 62 11 63 
8 -84 -15 31 -39 97 42 -98 -95 6 
-37 83 -69 88 -15 58 -95 88 -6 9 
59 13 12 88 93 23 62 -14 -65 4 
-78 32 78 -34 -11 -9 84 33 58 -1 
-52 49 50 -7 -47 -83 54 57 -57 -57 
96 22 -54 -46 52 75 82 38 -57 79 
81 -83 -12 3 37 -45 -100 -27 -20 -62 
13 -43 35 -27 -10 -41 29 98 96 -21 
49 -91 -85 -29 97 71 25 -38 -51 -9 
-10 25 17 -62 25 -6 -81 42 -84 22 
55 42 -6 21 -63 71 28 -58 -60 73 
18 78 26 19 -81 21 -65 -98 -33 61 
10 -83 -99 21 -15 -30 13 -3 54 -92 
85 60 29 -75 54 -43 49 87 -68 17 
-72 74 -99 -72 -21 -91 -80 -65 -20 91 
54 -67 52 -4 2 -15 25 24 8 -79 
-72 -40 3 -37 -11 50 30 -66 77 -64 
37 69 46 56 72 46 62 94 63 -49 
-53 -90 -80 -95 -50 11 -20 -65 52 40 
-28 99 -42 28 -72 73 45 -96 39 -54 
68 -14 -89 -64 87 24 -33 -64 47 9 
-29 91 63 -48 -24 10 -27 -70 -26 -79 
-88 33 95 -40 80 97 -44 46 7 -17 
30 37 28 -84 54 -32 -27 75 9 -73 
-22 28 -92 45 -77 -79 11 -74 -57 -95 
-2 2 -83 -49 3 -71 -63 26 -63 77 
-77 30 11 -43 -25 -79 -87 62 66 -26 
65 -80 -4 -24 56 6 75 4 -85 40 
82 66 77 -65 -68 64 95 -18 -55 39 
3 -81 51 -54 58 6 -46 -2 7 90 
-74 7 -93 70 -89 -42 71 45 2 86 
33 -46 47 77 61 -7 -27 -5 -100 68 
0 -3 -28 32 85 -96 -98 -78 -13 -26 
14 20 -27 89 55 -32 72 62 -34 76 
-44 27 70 -57 19 -72 9 0 67 10 
37 -93 94 97 -93 90 -64 21 46 68 
-74 42 -75 4 -29 79 -28 -79 73 76 
-62 21 84 -26 82 -1 -62 47 -77 -30 
-21 -1 -41 -31 35 14 78 33 -17 41 
-68 77 -62 3 -3 3 -4 -43 9 54 
89 -22 11 14 57 31 0 30 -7 77 
-69 4 -86 74 -21 -38 86 -88 -43 -66 
-55 -56 48 -82 -52 54 -79 76 -77 66 
89 40 63 69 -38 15 49 18 -24 66 
-7 68 19 12 68 15 92 7 -58 -71 
-55 -70 54 52 32 -31 -79 76 61 -51 
-21 -40 10 4 6 -31 -45 -65 -88 88 
-37 -31 -55 46 -64 -94 -64 64 48 -47 
-99 -64 88 81 96 -54 94 -71 25 59 
-24 -96 -46 43 49 -73 1 96 -48 -16 
-87 -56 -68 16 -14 82 27 8 33 -74 
39 35 56 -51 -56 -61 85 84 -81 80 
-81 61 39 33 10 30 -28 -39 -12 44 
-66 -11 -77 -18 -22 98 -95 -80 32 -70 
46 -75 -70 -92 91 -40 65 75 -31 60 
-54 22 48 -21 68 -97 -68 -54 -6 23 
75 46 -12 2 -73 72 67 54 -56 40 
-75 32 -79 50 9 46 -91 45 -56 -44 
-97 30 -24 -92 87 98 -81 28 -65 43 
-55 87 -4 -71 54 49 17 -8 -7 22 
70 -80 -92 -38 -35 -66 41 -2 50 -89 
2 -48 -9 -68 -15 71 -65 58 79 -83 
-70 60 -97 -2 -11 3 1 98 -100 6 
28 41 99 34 27 14 -52 -87 -98 -14 
-44 79 -59 19 -79 -100 12 62 -86 86 
28 -55 -59 80 94 14 -55 -25 86 61 
-31 35 -18 -15 -31 -49 39 -51 51 -15 
-69 51 -21 -78 56 5 -83 75 -4 77 
66 -23 2 -10 17 -37 74 77 36 -73 
25 -93 -3 98 -7 -59 -60 -3 -43 43 
-97 96 -67 -49 -91 -20 -64 34 -54 54 
-73 -47 62 55 35 39 -3 74 -20 -76 
46 83 -100 -57 -37 23 -70 67 58 46 
29 -74 2 -14 -50 -98 -32 -13 67 5 
26 -53 -41 -27 75 44 25 -52 89 -34 
-44 -65 -70 46 -90 59 37 -71 30 37 
-4 43 30 -11 -91 96 -5 -9 26 -2 
-99 96 -96 77 -43 89 -35 8 13 25 
74 63 -26 82 -15 34 87 37 -39 77 
-67 -37 14 -71 55 -98 -70 85 62 -64 
-86 29 15 37 -65 -60 4 14 -100 76 
-37 91 24 33 78 -100 2 -30 49 2 
-96 -24 -77 38 -69 -5 49 53 79 -55 
-63 -21 98 40 83 -7 90 29 37 5 
-74 -14 -27 -57 -82 -62 12 43 -73 -39 
-6 -72 26 89 41 -48 -29 -98 99 -59 
74 52 21 22 -33 87 89 -79 88 -12 
-83 79 5 -34 -12 -61 -72 -73 66 -34 
-90 -50 -24 17 -62 -14 -77 -37 -52 -10 
93 64 -56 -70 -68 -54 -96 -87 -40 37 
-73 13 -54 37 -99 -17 13 -8 -41 16 
10 -24 -3 61 -63 -48 -10 44 -56 23 
73 97 84 -86 42 -68 -96 -17 98 -29 
75 61 80 -91 -10 -24 -76 55 73 -85 
62 -58 68 -83 -50 26 -47 26 -91 2 
-24 -7 51 -20 94 74 -85 79 -30 -45 
-68 9 -92 -22 -2 -66 44 -48 -12 56 
62 -28 -13 31 4 -92 -68 -86 98 -54 
-84 -76 -10 70 63 3 79 99 -56 -30 
-93 -35 68 40 -5 87 -29 90 -76 89 
-25 30 -37 -55 37 73 86 -74 8 88 
-52 38 -4 -59 -87 -75 89 -58 -28 50 
-99 -25 23 -66 38 -91 2 63 -57 -14 
13 -31 -81 -63 1 -12 7 -87 -77 15 
57 -34 68 -35 48 70 -23 -87 66 -93 
-3 -49 75 -85 -60 -76 -97 42 -89 -69 
-6 57 -26 90 68 98 95 -75 -91 5 
-84 20 -52 63 -39 -24 -92 -37 -96 61 
89 -7 70 -89 -98 69 92 36 8 51 
23 94 -6 47 -84 -68 70 -79 -4 69 
20 -42 23 -53 67 15 -20 9 -11 75 
-99 12 82 -44 -41 -76 48 7 -87 13 
47 -96 40 -80 -6 -73 40 23 31 81 
-18 30 15 -38 -49 -33 -16 34 26 69 
24 -99 36 -11 -39 -27 78 -67 -35 50 
-55 66 -92 11 -24 18 90 -53 49 -79 
51 9 59 80 -29 -11 -17 -28 86 -40 
-1 -51 -12 79 44 4 5 92 55 -86 
20 22 80 -28 -66 36 86 -40 13 14 
23 81 -76 82 48 -14 -15 -14 2 -58 
-68 -82 -81 8 26 -9 66 76 -87 98 
-81 91 -28 15 53 5 52 -42 -6 -47 
-71 -12 88 -72 -93 -72 99 65 -87 -76 
75 90 57 -52 -72 21 41 -17 63 40 
67 39 -42 -7 49 10 36 -37 -39 -53 
0 -19 -10 99 98 -40 -5 -57 -66 -98 
57 13 51 10 75 88 -98 -67 21 43 
-35 84 -43 -86 78 28 41 -35 14 22 
33 37 -31 60 26 84 86 97 98 -69 
28 83 46 76 -63 -60 96 -31 66 -84 
-46 -65 -61 39 -66 -11 98 40 81 -67 
13 51 -22 -21 -4 -15 16 58 -10 -32 
-35 -39 55 43 5 90 10 -86 -3 31 
5 -34 -29 -64 -94 -73 -15 -5 -1 -41 
76 -19 36 -27 -12 64 59 48 -66 -43 
70 86 -50 97 21 48 -6 -85 46 -34 
-53 -28 21 -49 54 -68 -12 41 87 34 
28 -25 11 5 3 77 -55 87 1 79 
24 -22 13 -36 -81 95 -48 64 96 80 
72 -19 -20 23 61 15 -19 -95 14 50 
-22 -48 -93 20 -33 78 -51 72 -38 -32 
-80 84 -82 -37 7 -100 60 -24 58 -40 
-86 -74 -51 87 28 98 20 -36 -84 -95 
66 59 -99 -80 -23 -28 -15 92 98 -96 
-3 23 99 -86 -23 -30 98 -77 -70 -29 
-95 -45 9 37 -84 62 -11 -87 75 -8 
-16 39 88 -61 92 0 17 96 -21 -16 
-49 -40 -41 40 -64 -74 31 47 -76 21 
52 67 -89 14 -7 -59 -51 22 59 58 
61 -20 97 -87 36 -26 -91 26 -84 25 
67 -54 74 71 -67 -57 -34 38 -49 27 
-23 43 61 89 -96 -34 56 4 -95 -58 
67 -43 -53 0 -23 -88 2 -21 -79 6 
43 -87 43 0 4 -26 -33 44 -98 -96 
-83 82 75 52 -2 -92 -45 -16 14 88 
4 30 47 -73 -5 -49 -70 25 -9 -61 
-12 -63 -23 -18 44 32 53 -55 7 -25 
-17 -38 -39 48 4 -80 -46 56 -89 -84 
75 -88 19 6 35 -32 -87 66 53 73 
-60 -39 35 85 -77 -52 23 60 44 -52 
-23 74 68 -87 70 31 -94 -71 -20 55 
22 -33 -56 -40 -97 60 -9 66 -27 -37 
-82 99 87 28 -18 68 72 -52 -1 -39 
-55 36 68 60 12 74 86 67 67 2 
44 43 23 -90 99 -20 37 43 12 -83 
-6 61 -96 -29 -28 42 35 52 -57 57 
-11 66 -99 37 47 86 83 95 38 22 
-94 -57 90 -32 17 -66 94 63 -85 -39 
50 -26 78 39 -57 1 -45 -47 -93 68 
-97 -3 43 -64 -53 -55 -97 72 73 -13 
29 -96 5 -52 -3 76 63 13 -63 71 
-56 69 66 62 34 55 -80 2 57 -20 
-67 -65 5 -93 22 11 32 50 23 -51 
-97 9 66 -55 -76 15 94 21 78 -37 
-21 -74 1 -3 37 -56 84 -50 -9 32 
20 24 16 -45 36 54 69 -18 -33 10 
74 -85 80 68 37 -33 -46 -54 -74 43 
20 -96 4 68 -92 57 7 71 -29 -20 
-95 -96 7 -16 -22 -19 -21 -81 82 52 
-44 86 98 31 82 -11 0 -72 69 56 
-13 6 -93 -9 -24 99 6 -17 -100 -51 
-36 -4 -96 -97 -95 -35 60 -40 -63 41 
87 49 27 -98 -33 49 -31 14 -32 -78 
-86 -75 30 -14 -94 79 21 69 -25 -25 
61 75 -29 -22 -75 3 -86 -73 -70 -79 
89 -70 -82 -17 -31 -26 -46 35 -5 -7 
44 -16 90 41 17 -44 98 76 22 51 
37 59 47 61 19 -97 57 83 78 39 
-60 32 -76 -55 41 46 -29 -15 77 79 
73 42 -63 -14 -58 -31 50 19 49 14 
-67 47 -67 -31 -41 -24 74 -22 -19 43 
-60 17 92 84 -66 19 52 -5 28 4 
69 32 -35 89 -62 -48 24 -55 51 -60 
